0,1000,1000
1,1002,1006
2,1002,1005
3,1004,1008
4,1001,1004
5,1001,1010
6,1005,1011
7,1000,1012
8,997,1012
9,993,1007
10,1001,1012
11,1008,1014
12,1013,1017
13,1020,1021
14,1027,1018
15,1033,1022
0,1000,1000
1,1001,1003
2,1004,1009
3,1003,1004
4,1005,1002
5,1002,1000
6,1005,996
7,1000,991
8,1000,993
9,1003,989
10,1010,991
11,1012,989
12,1006,987
13,1014,983
14,1014,982
15,1009,977
16,1004,981
17,1007,986
18,1014,991
19,1011,994
20,1005,995
21,1001,998
22,998,1000
23,1002,1001
24,1002,1007
25,1001,1013
26,1002,1017
27,1000,1014
28,1001,1009
29,1001,1004
30,998,1003
31,996,998
32,991,994
33,995,995
34,989,990
35,995,996
36,994,1001
37,990,1004
38,988,1007
39,995,1009
40,995,1015
41,996,1019
42,998,1023
43,992,1028
44,1000,1023
45,1004,1029
46,1003,1035
47,1011,1036
48,1015,1041
49,1023,1038
50,1019,1034
51,1013,1037
52,1020,1033
53,1017,1030
54,1016,1029
55,1019,1025
56,1018,1029
57,1024,1030
58,1025,1033
59,1026,1030
60,1022,1030
61,1018,1029
62,1013,1034
63,1016,1029
64,1022,1027
65,1028,1031
66,1032,1036
67,1026,1039
68,1034,1045
69,1029,1042
70,1034,1040
71,1036,1036
72,1038,1037
73,1035,1037
74,1038,1037
75,1041,1032
76,1036,1032
77,1032,1031
78,1027,1029
79,1030,1025
80,1025,1030
81,1023,1028
82,1022,1032
83,1016,1031
84,1022,1033
85,1018,1028
86,1019,1028
87,1014,1026
88,1008,1025
89,1004,1021
90,1002,1017
91,998,1013
92,997,1016
93,997,1017
94,1000,1014
95,1005,1009
96,1011,1004
97,1016,1001
98,1023,1005
99,1017,1010
100,1022,1006
101,1027,1004
102,1032,1003
103,1037,1000
104,1042,995
105,1036,997
106,1041,1002
107,1045,1002
108,1041,1003
109,1048,1007
110,1043,1007
111,1049,1005
112,1056,1002
113,1056,1001
114,1055,999
115,1060,998
116,1062,999
117,1062,995
118,1057,992
119,1054,995
120,1060,1001
121,1067,1006
122,1062,1008
123,1063,1007
124,1068,1002
125,1075,1007
126,1076,1007
127,1071,1012
128,1074,1007
129,1077,1004
130,1076,1002
131,1077,1005
132,1076,1003
133,1071,1002
134,1078,997
135,1074,993
0,1000,1000
1,1001,998
2,1008,1003
3,1011,1003
4,1017,1004
5,1021,1000
6,1019,1001
7,1015,1007
8,1011,1010
9,1016,1009
10,1014,1010
11,1011,1016
12,1009,1022
13,1005,1025
14,1001,1028
15,999,1031
16,1006,1036
17,1001,1038
18,995,1036
19,997,1038
20,1001,1035
21,996,1035
22,1004,1039
23,1010,1038
24,1015,1041
25,1009,1041
26,1006,1045
27,1013,1050
28,1016,1051
29,1016,1054
30,1023,1059
31,1024,1064
32,1024,1059
33,1030,1063
34,1035,1065
35,1030,1068
36,1025,1069
37,1023,1074
38,1024,1080
39,1024,1083
40,1032,1080
41,1029,1076
42,1025,1081
43,1030,1082
44,1033,1078
45,1032,1077
46,1032,1081
47,1031,1077
48,1027,1078
49,1026,1084
50,1020,1088
51,1017,1085
52,1013,1081
53,1017,1078
54,1016,1083
55,1018,1079
56,1023,1080
57,1023,1082
58,1026,1088
59,1031,1093
60,1031,1091
61,1030,1086
62,1025,1082
63,1022,1088
64,1020,1093
65,1023,1093
