2.765,65400
2.768,65360
2.771,65328
2.783,65313
2.784,65288
2.791,65251
2.792,65226
2.8,65216
2.806,65203
2.809,65189
2.818,65189
2.821,65192
2.826,65186
2.829,65179
2.838,65180
2.844,65183
2.845,65175
2.853,65168
2.859,65170
2.862,65171
2.869,65162
2.871,65158
2.882,65158
2.882,65154
2.888,65141
2.896,65135
2.902,65136
2.902,65130
2.908,65121
2.917,65116
2.921,65120
2.923,65116
2.93,65109
2.939,65110
2.941,65117
2.947,65118
2.953,65120
2.959,65134
2.959,65151
2.966,65157
2.974,65165
2.98,65181
2.981,65199
2.986,65206
2.994,65213
3.0,65227
3.0,65234
3.006,65232
3.016,65232
3.016,65241
3.024,65244
3.033,65240
3.033,65239
3.042,65246
3.042,65245
3.054,65238
3.054,65237
3.059,65243
3.065,65238
3.074,65234
3.074,65237
3.08,65242
3.088,65239
3.094,65235
3.094,65236
3.099,65239
3.108,65235
3.113,65231
3.116,65235
3.124,65234
3.129,65229
3.135,65228
3.135,65235
3.147,65232
3.153,65227
3.153,65225
3.158,65231
3.166,65231
3.172,65226
3.172,65228
3.178,65233
3.189,65232
3.189,65227
3.195,65230
3.197,65238
3.206,65236
3.213,65227
3.213,65231
3.224,65234
3.23,65231
3.23,65226
3.236,65231
3.247,65236
3.247,65229
3.251,65225
3.256,65231
3.266,65233
3.266,65225
3.274,65224
3.281,65231
3.286,65231
3.29,65220
3.291,65216
3.302,65223
3.304,65221
3.311,65215
3.312,65215
3.32,65224
3.328,65230
3.329,65226
3.334,65231
3.344,65235
3.345,65232
3.353,65230
3.358,65234
3.364,65239
3.365,65232
3.372,65228
3.381,65225
3.381,65215
3.39,65202
3.39,65192
3.4,65178
3.406,65148
3.407,65098
3.417,65135
3.418,65224
3.425,65282
3.426,65361
3.438,65400
3.438,65385
3.446,65348
3.446,65318
3.455,65306
3.461,65286
3.464,65253
3.472,65225
3.477,65210
3.483,65204
3.483,65193
3.495,65185
3.495,65186
3.504,65189
3.504,65181
3.516,65175
3.516,65177
3.524,65177
3.524,65168
3.536,65164
3.541,65169
3.541,65164
3.551,65153
3.557,65148
3.557,65151
3.563,65144
3.574,65132
3.574,65125
3.582,65125
3.582,65118
3.591,65109
3.596,65109
3.599,65115
3.609,65111
3.614,65106
3.615,65115
3.62,65124
3.629,65126
3.632,65136
3.638,65152
3.641,65166
3.649,65173
3.652,65184
3.658,65203
3.661,65214
3.668,65216
3.674,65222
3.68,65232
3.688,65236
3.688,65232
3.696,65235
3.696,65243
3.707,65241
3.713,65237
3.713,65240
3.721,65245
3.729,65241
3.729,65236
3.737,65238
3.745,65242
3.745,65238
3.754,65234
3.754,65240
3.764,65243
3.77,65236
3.77,65232
3.778,65233
3.785,65233
3.791,65227
3.791,65222
3.797,65228
3.808,65228
3.808,65223
3.812,65222
3.822,65230
3.828,65227
3.828,65222
3.834,65222
3.842,65228
3.848,65225
3.848,65219
3.856,65226
3.864,65231
3.864,65226
3.873,65220
3.881,65227
3.881,65233
3.887,65229
3.889,65224
3.9,65229
3.906,65231
3.906,65227
3.915,65225
3.92,65234
3.925,65234
3.931,65225
3.938,65224
3.938,65228
3.947,65224
3.947,65217
3.959,65216
3.959,65223
3.965,65220
3.968,65212
3.977,65214
3.979,65220
3.987,65217
3.988,65210
3.997,65216
4.002,65228
4.007,65229
4.015,65227
4.016,65231
4.022,65233
4.025,65229
4.034,65226
4.041,65231
4.042,65233
4.046,65225
4.054,65219
4.06,65212
4.061,65206
4.073,65191
4.078,65169
4.079,65136
4.083,65094
4.091,65131
4.097,65224
4.098,65287
4.106,65358
4.114,65400
4.115,65384
4.12,65353
4.123,65322
4.131,65295
4.137,65270
4.142,65246
4.151,65220
4.152,65201
4.157,65198
4.163,65194
4.171,65187
4.172,65180
4.18,65183
4.181,65182
4.189,65174
4.194,65170
4.197,65175
4.208,65171
4.212,65162
4.216,65161
4.219,65165
4.228,65159
4.234,65148
4.234,65143
4.24,65146
4.249,65137
4.249,65125
4.258,65123
4.264,65123
4.27,65112
4.271,65105
4.277,65109
4.283,65115
4.289,65111
4.292,65109
4.295,65121
4.306,65131
4.308,65137
4.316,65144
4.316,65163
4.327,65175
4.327,65182
4.335,65194
4.344,65211
4.345,65218
4.35,65218
4.355,65225
4.364,65235
4.364,65233
4.37,65231
4.373,65236
4.384,65242
4.384,65238
4.392,65235
4.399,65238
4.404,65241
4.41,65236
4.41,65231
4.419,65237
4.422,65239
4.428,65234
4.433,65231
4.442,65234
4.442,65234
4.449,65229
4.452,65225
4.46,65232
4.465,65231
4.469,65223
4.478,65224
4.484,65229
4.484,65229
4.489,65221
4.497,65223
4.503,65228
4.503,65224
4.509,65218
4.52,65223
4.52,65228
4.526,65225
4.535,65221
4.538,65225
4.544,65230
4.544,65224
4.556,65220
4.558,65229
4.566,65232
4.566,65228
4.577,65225
4.577,65230
4.585,65231
4.594,65224
4.594,65222
4.603,65229
4.603,65226
4.612,65219
4.618,65219
4.618,65225
4.624,65222
4.632,65216
4.638,65215
4.638,65220
4.646,65214
4.655,65212
4.655,65212
4.663,65219
4.671,65220
4.671,65223
4.679,65230
4.679,65233
4.692,65228
4.695,65229
4.698,65235
4.704,65233
4.713,65226
4.713,65224
4.719,65226
4.729,65219
4.729,65202
4.736,65197
4.74,65189
4.748,65156
4.754,65104
4.754,65095
4.762,65180
4.769,65246
4.77,65308
4.777,65393
4.778,65401
4.788,65363
4.794,65326
4.795,65312
4.803,65293
4.811,65259
4.811,65228
4.82,65215
4.825,65208
4.831,65197
4.831,65190
4.839,65192
4.847,65188
4.847,65182
4.853,65180
4.862,65183
4.865,65176
4.87,65168
4.873,65170
4.881,65174
4.888,65167
4.888,65157
4.897,65155
4.904,65155
4.909,65148
4.909,65140
4.917,65141
4.925,65138
4.925,65123
4.931,65113
4.941,65115
4.941,65116
4.949,65111
4.955,65110
4.96,65117
4.964,65123
4.968,65122
4.974,65131
4.982,65149
4.982,65161
4.989,65169
5.0,65180
5.0,65200
5.006,65210
5.011,65213
5.02,65220
5.02,65233
5.029,65238
5.029,65233
5.04,65238
5.04,65246
5.048,65242
5.056,65239
5.056,65242
5.064,65247
5.07,65242
5.075,65238
5.081,65245
5.081,65244
5.089,65238
5.096,65235
5.102,65242
5.102,65243
5.111,65235
5.116,65235
5.122,65238
5.122,65238
5.133,65231
5.139,65229
5.139,65235
5.148,65232
5.153,65226
5.158,65231
5.159,65234
5.166,65230
5.173,65226
5.178,65231
5.184,65233
5.192,65229
5.193,65224
5.198,65230
5.204,65233
5.212,65227
5.212,65225
5.218,65233
5.221,65235
5.231,65231
5.237,65229
5.237,65235
5.245,65235
5.253,65230
5.253,65233
5.261,65237
5.269,65234
5.269,65224
5.278,65225
5.278,65226
5.287,65227
5.292,65221
5.298,65223
5.298,65226
5.308,65219
5.314,65215
5.314,65219
5.325,65222
5.328,65216
5.334,65217
5.339,65230
5.347,65236
5.347,65231
5.355,65230
5.355,65236
5.367,65238
5.373,65233
5.373,65231
5.384,65237
5.384,65234
5.392,65221
5.393,65210
5.403,65210
5.407,65198
5.413,65177
5.415,65147
5.433,65102
5.434,65126
5.435,65209
5.436,65274
5.444,65367
5.449,65406
5.451,65382
5.459,65354
5.462,65330
5.468,65308
5.473,65279
5.484,65254
5.484,65234
5.489,65209
5.493,65197
5.502,65196
5.508,65193
5.508,65183
5.518,65182
5.524,65185
5.524,65182
5.53,65174
5.539,65173
5.542,65177
5.548,65171
5.548,65162
5.559,65159
5.561,65161
5.57,65153
5.57,65141
5.578,65142
5.581,65139
5.587,65127
5.597,65118
5.597,65120
5.605,65120
5.611,65110
5.615,65106
5.622,65113
5.623,65116
5.628,65113
5.637,65117
5.643,65134
5.644,65142
5.656,65148
5.657,65162
5.66,65180
5.667,65191
5.675,65197
5.676,65206
5.684,65221
5.685,65226
5.694,65226
5.7,65235
5.701,65241
5.712,65236
5.713,65236
5.721,65243
5.722,65246
5.731,65243
5.737,65238
5.738,65245
5.743,65246
5.752,65239
5.754,65236
5.759,65242
5.762,65242
5.774,65234
5.775,65237
5.778,65243
5.787,65240
5.79,65229
5.796,65231
5.802,65235
5.811,65233
5.811,65225
5.816,65226
5.822,65231
5.828,65226
5.832,65220
5.838,65226
5.847,65230
5.848,65225
5.856,65220
5.856,65228
5.867,65228
5.867,65224
5.874,65222
5.879,65231
5.888,65233
5.889,65226
5.897,65226
5.898,65233
5.908,65231
5.909,65227
5.916,65231
5.923,65234
5.928,65232
5.934,65223
5.935,65227
5.945,65232
5.945,65228
5.953,65223
5.954,65226
5.964,65230
5.97,65226
5.97,65223
5.979,65227
5.984,65229
5.987,65221
5.992,65220
6.003,65225
6.003,65224
6.01,65216
6.013,65212
6.021,65219
6.027,65220
6.027,65211
6.035,65212
6.043,65227
6.049,65228
6.049,65225
6.061,65228
6.061,65232
6.066,65232
6.071,65227
6.079,65228
6.085,65234
6.086,65226
6.09,65216
6.099,65210
6.104,65209
6.11,65194
6.117,65166
6.118,65131
6.125,65093
6.126,65133
6.138,65218
6.138,65284
6.147,65372
6.147,65404
6.159,65379
6.159,65350
6.165,65324
6.173,65299
6.176,65272
6.181,65246
6.184,65221
6.195,65201
6.201,65193
6.201,65194
6.206,65187
6.216,65180
6.216,65180
6.222,65182
6.225,65178
6.236,65171
6.236,65172
6.244,65174
6.25,65167
6.256,65160
6.257,65163
6.264,65161
6.27,65149
6.275,65141
6.281,65142
6.282,65141
6.29,65128
6.295,65120
6.298,65123
6.308,65118
6.313,65110
6.318,65108
6.318,65117
6.33,65115
6.33,65111
6.336,65118
6.341,65132
6.35,65138
6.356,65146
6.356,65163
6.363,65180
6.371,65187
6.371,65193
6.38,65208
6.389,65219
6.389,65222
6.394,65226
6.4,65234
6.408,65238
6.409,65233
6.416,65236
6.417,65241
6.428,65241
6.429,65235
6.437,65235
6.443,65241
6.446,65238
6.453,65235
6.454,65236
6.462,65243
6.468,65238
6.471,65232
6.474,65236
6.486,65239
6.487,65234
6.495,65226
6.5,65227
6.503,65233
6.511,65227
6.512,65223
6.523,65229
6.524,65231
6.531,65223
6.532,65222
6.54,65227
6.548,65227
6.549,65221
6.554,65223
6.563,65227
6.569,65226
6.57,65220
6.578,65223
6.581,65232
6.587,65228
6.591,65223
6.599,65226
6.604,65231
6.608,65229
6.611,65226
6.619,65232
6.625,65234
6.626,65228
6.637,65224
6.641,65231
6.644,65231
6.647,65226
6.658,65225
6.658,65230
6.664,65231
6.67,65223
6.678,65219
6.684,65226
6.684,65225
6.688,65218
6.696,65217
6.702,65225
6.705,65222
6.713,65214
6.721,65213
6.721,65218
6.726,65215
6.734,65209
6.74,65212
6.74,65220
6.746,65222
6.754,65222
6.758,65228
6.766,65233
6.771,65229
6.775,65226
6.781,65231
6.781,65234
6.79,65227
6.798,65222
6.798,65223
6.807,65211
6.814,65199
6.814,65188
6.819,65171
6.83,65122
6.831,65081
6.837,65146
6.84,65231
6.849,65292
6.852,65374
6.857,65405
6.863,65380
6.871,65341
6.872,65310
6.88,65291
6.881,65266
6.891,65237
6.892,65214
6.898,65207
6.906,65200
6.912,65190
6.912,65182
6.92,65187
6.927,65186
6.932,65177
6.938,65172
6.938,65179
6.949,65179
6.949,65171
6.955,65167
6.966,65168
6.966,65161
6.975,65151
6.975,65149
6.986,65149
6.986,65142
6.992,65130
6.997,65129
7.005,65128
7.011,65119
7.011,65112
7.017,65116
7.025,65115
7.028,65110
7.035,65107
7.041,65118
7.046,65125
7.052,65130
7.052,65138
7.064,65154
7.064,65169
7.071,65175
7.075,65185
7.085,65203
7.086,65213
7.089,65215
7.099,65222
7.102,65233
7.105,65236
7.111,65232
7.119,65236
7.123,65244
7.127,65244
7.133,65236
7.142,65242
7.142,65245
7.148,65238
7.156,65234
7.159,65242
7.166,65243
7.167,65239
7.178,65235
7.181,65239
7.184,65240
7.19,65232
7.199,65231
7.2,65234
7.207,65234
7.208,65227
7.22,65226
7.221,65232
7.228,65230
7.237,65221
7.238,65222
7.241,65230
7.247,65228
7.253,65218
7.259,65224
7.265,65230
7.266,65225
7.276,65221
7.281,65226
7.282,65233
7.294,65227
7.295,65224
7.298,65231
7.305,65233
7.314,65228
7.315,65224
7.318,65231
7.324,65233
7.334,65225
7.335,65223
7.343,65229
7.344,65225
7.355,65218
7.356,65221
7.359,65226
7.371,65222
7.374,65214
7.38,65217
7.381,65223
7.39,65219
7.394,65212
7.4,65218
7.401,65231
7.41,65233
7.415,65230
7.418,65236
7.426,65239
7.429,65234
7.437,65232
7.438,65238
7.45,65237
7.451,65231
7.454,65222
7.459,65216
7.47,65210
7.471,65195
7.475,65183
7.48,65157
7.488,65102
7.493,65107
7.499,65200
7.504,65272
7.508,65353
7.514,65401
7.515,65390
7.525,65365
7.531,65328
7.532,65305
7.539,65288
7.548,65263
7.549,65233
7.552,65211
7.563,65204
7.566,65197
7.572,65186
7.573,65181
7.585,65184
7.586,65181
7.589,65172
7.597,65171
7.606,65177
7.607,65173
7.613,65162
7.621,65161
7.622,65164
7.63,65159
7.631,65147
7.642,65144
7.643,65144
7.651,65136
7.652,65124
7.66,65123
7.663,65120
7.669,65112
7.672,65106
7.684,65110
7.685,65112
7.688,65106
7.697,65106
7.703,65119
7.704,65128
7.711,65135
7.72,65143
7.721,65163
7.728,65176
7.731,65181
7.74,65194
7.741,65209
7.747,65216
7.758,65218
7.758,65225
7.762,65234
7.768,65235
7.775,65230
7.78,65239
7.781,65245
7.787,65240
7.797,65235
7.798,65240
7.805,65243
7.806,65240
7.816,65236
7.822,65242
7.822,65244
7.832,65235
7.837,65232
7.841,65238
7.843,65239
7.852,65231
7.858,65228
7.859,65233
7.865,65230
7.873,65223
7.876,65224
7.882,65227
7.889,65225
7.895,65220
7.896,65224
7.904,65228
7.911,65224
7.913,65220
7.919,65222
7.921,65227
7.932,65222
7.935,65219
7.937,65226
7.945,65229
7.953,65223
7.953,65220
7.962,65227
7.967,65231
7.973,65227
7.973,65225
7.981,65230
7.989,65232
7.99,65224
7.997,65224
7.998,65231
8.008,65226
8.014,65218
8.014,65218
8.028,65227
8.028,65224
8.033,65214
8.038,65216
8.046,65219
8.052,65215
8.052,65211
8.057,65216
8.068,65222
8.068,65224
8.074,65225
8.083,65233
8.089,65236
8.09,65233
8.094,65230
8.105,65234
8.105,65233
8.11,65226
8.115,65226
8.125,65227
8.126,65215
8.133,65201
8.137,65192
8.144,65180
8.148,65138
8.153,65089
8.162,65126
8.162,65229
8.169,65288
8.171,65358
8.18,65411
8.186,65399
8.186,65356
8.195,65323
8.202,65305
8.203,65279
8.211,65242
8.219,65217
8.22,65209
8.225,65200
8.231,65190
8.24,65186
8.241,65188
8.247,65187
8.253,65179
8.257,65175
8.264,65181
8.265,65177
8.275,65170
8.281,65168
8.282,65170
8.285,65166
8.297,65155
8.3,65153
8.306,65156
8.307,65145
8.316,65132
8.319,65131
8.322,65128
8.328,65119
8.336,65111
8.342,65113
8.343,65114
8.352,65110
8.355,65108
8.361,65119
8.367,65124
8.373,65126
8.376,65132
8.383,65154
8.384,65167
8.393,65172
8.397,65185
8.403,65202
8.41,65210
8.414,65213
8.418,65227
8.424,65236
8.432,65237
8.433,65232
8.441,65238
8.442,65245
8.45,65241
8.453,65239
8.461,65244
8.462,65245
8.473,65238
8.473,65237
8.479,65243
8.487,65245
8.49,65238
8.498,65236
8.498,65240
8.51,65239
8.51,65233
8.519,65235
8.519,65241
8.528,65240
8.533,65230
8.538,65231
8.547,65236
8.547,65230
8.553,65225
8.556,65229
8.566,65232
8.571,65228
8.571,65222
8.58,65230
8.588,65232
8.588,65227
8.597,65226
8.605,65232
8.605,65234
8.611,65228
8.616,65227
8.625,65233
8.625,65232
8.634,65225
8.634,65226
8.643,65232
8.646,65230
8.651,65226
8.657,65226
8.666,65229
8.667,65228
8.672,65224
8.68,65225
8.684,65225
8.69,65220
8.691,65216
8.699,65222
8.707,65227
8.708,65222
8.713,65222
8.719,65234
8.726,65239
8.732,65234
8.737,65232
8.743,65242
8.743,65244
8.749,65237
8.76,65233
8.761,65239
8.768,65240
8.769,65224
8.779,65212
8.785,65210
8.786,65197
8.789,65168
8.798,65127
8.802,65093
8.808,65144
8.815,65220
8.82,65294
8.825,65389
8.826,65405
8.837,65373
8.838,65346
8.845,65329
8.846,65307
8.858,65276
8.859,65254
8.866,65235
8.874,65212
8.875,65197
8.88,65195
8.883,65194
8.894,65189
8.895,65186
8.903,65191
8.904,65189
8.913,65181
8.919,65177
8.92,65180
8.927,65176
8.935,65165
8.936,65162
8.943,65164
8.952,65156
8.953,65146
8.958,65145
8.961,65144
8.97,65131
8.976,65121
8.978,65119
8.984,65122
8.993,65112
8.993,65109
9.002,65114
9.008,65118
9.014,65114
9.014,65119
9.022,65134
9.031,65145
9.031,65152
9.035,65166
9.04,65187
9.048,65196
9.053,65199
9.058,65210
9.067,65226
9.067,65230
9.075,65228
9.075,65235
9.085,65243
9.089,65239
9.094,65232
9.1,65238
9.106,65244
9.11,65242
9.114,65236
9.12,65243
9.128,65244
9.129,65240
9.135,65235
9.144,65240
9.145,65242
9.15,65235
9.155,65234
9.163,65240
9.169,65238
9.169,65229
9.178,65229
9.185,65233
9.186,65230
9.194,65225
9.2,65227
9.205,65232
9.21,65226
9.214,65218
9.224,65222
9.224,65226
9.227,65221
9.234,65218
9.239,65226
9.246,65224
9.248,65218
9.254,65216
9.261,65226
9.266,65226
9.269,65220
9.278,65220
9.281,65226
9.287,65226
9.29,65220
9.299,65216
9.302,65222
9.307,65220
9.31,65213
9.318,65212
9.323,65216
9.327,65214
9.337,65210
9.337,65210
9.344,65217
9.35,65219
9.357,65222
9.362,65230
9.362,65234
9.368,65228
9.376,65225
9.382,65232
9.382,65234
9.393,65227
9.398,65222
9.399,65225
9.408,65216
9.413,65202
9.418,65196
9.424,65191
9.425,65168
9.435,65117
9.436,65084
9.444,65153
9.445,65229
9.456,65292
9.457,65380
9.462,65406
9.471,65376
9.474,65336
9.48,65318
9.481,65303
9.491,65273
9.497,65240
9.498,65220
9.505,65208
9.511,65192
9.516,65184
9.522,65184
9.531,65182
9.532,65174
9.535,65171
9.541,65174
9.547,65171
9.555,65162
9.556,65162
9.561,65166
9.569,65161
9.572,65150
9.575,65147
9.583,65147
9.591,65138
9.592,65129
9.599,65125
9.608,65124
9.609,65113
9.614,65104
9.62,65105
9.626,65106
9.629,65101
9.634,65099
9.637,65109
9.647,65119
9.652,65121
9.656,65125
9.665,65142
9.666,65155
9.671,65162
9.674,65177
9.685,65194
9.686,65204
9.694,65207
9.695,65219
9.704,65231
9.709,65233
9.714,65229
9.723,65235
9.724,65241
9.729,65239
9.735,65238
9.741,65242
9.744,65246
9.751,65242
9.752,65237
9.762,65241
9.768,65244
9.769,65238
9.776,65237
9.782,65242
9.785,65241
9.792,65235
9.8,65233
9.801,65240
9.808,65239
9.809,65230
9.82,65227
9.824,65231
9.827,65228
9.833,65221
9.841,65225
9.842,65229
9.849,65227
9.858,65219
9.859,65222
9.867,65227
9.868,65224
9.876,65219
9.879,65225
9.886,65228
9.887,65225
9.897,65223
9.903,65230
9.904,65230
9.912,65225
9.916,65225
9.923,65233
9.924,65230
9.934,65223
9.94,65222
9.941,65229
9.948,65227
9.956,65219
9.957,65220
9.964,65225
9.965,65224
9.976,65215
9.979,65214
9.982,65220
9.991,65217
9.997,65212
9.997,65217
10.006,65222
10.011,65212
10.02,65219
10.021,65221
10.029,65215
10.035,65214
10.04,65219
10.04,65219
10.047,65212
10.056,65211
10.061,65215
10.061,65211
10.07,65207
10.076,65206
10.08,65210
10.086,65208
10.087,65201
10.097,65204
10.098,65205
10.103,65198
10.115,65198
10.116,65212
10.12,65221
10.126,65217
10.134,65213
10.135,65220
10.143,65222
10.144,65217
10.155,65217
10.156,65222
10.162,65219
10.168,65210
10.173,65198
10.177,65197
10.18,65188
10.189,65163
10.197,65128
10.198,65091
10.201,65118
10.211,65206
10.217,65262
10.218,65333
10.221,65386
10.233,65374
10.234,65345
10.241,65320
10.247,65292
10.25,65262
10.256,65238
10.26,65219
10.267,65196
10.274,65185
10.278,65188
10.279,65185
10.289,65176
10.293,65171
10.297,65171
10.307,65169
10.307,65161
10.313,65162
10.315,65166
10.325,65161
10.331,65152
10.332,65151
10.34,65152
10.347,65144
10.353,65134
10.354,65135
10.357,65133
10.368,65122
10.369,65113
10.375,65113
10.384,65111
10.385,65103
10.391,65099
10.394,65105
10.405,65107
10.406,65102
10.414,65107
10.415,65118
10.426,65126
10.427,65131
10.435,65145
10.439,65165
10.446,65177
10.447,65183
10.454,65195
10.462,65210
10.463,65216
10.471,65216
10.472,65227
10.483,65232
10.484,65229
10.49,65225
10.497,65230
10.503,65238
10.504,65232
10.51,65229
10.518,65235
10.521,65236
10.526,65229
10.532,65226
10.541,65232
10.542,65233
10.548,65226
10.554,65225
10.558,65231
10.565,65230
10.565,65223
10.575,65225
10.578,65229
10.586,65225
10.586,65219
10.597,65221
10.598,65225
10.603,65222
10.608,65218
10.618,65221
10.619,65225
10.625,65220
10.634,65218
10.635,65222
10.643,65227
10.643,65223
10.653,65220
10.659,65225
10.66,65228
10.663,65221
10.673,65219
10.677,65227
10.683,65226
10.684,65220
10.695,65221
10.696,65226
10.702,65225
10.711,65218
10.717,65220
10.718,65224
10.721,65220
10.73,65214
10.735,65221
10.741,65223
10.742,65214
10.753,65209
10.754,65214
10.759,65217
10.768,65212
10.773,65209
10.777,65221
10.78,65229
10.788,65225
10.794,65224
10.795,65230
10.802,65232
10.811,65226
10.812,65226
10.815,65230
10.824,65231
10.831,65221
10.835,65211
10.836,65207
10.845,65201
10.851,65182
10.852,65164
10.858,65124
10.867,65097
10.868,65162
10.876,65235
10.877,65309
10.885,65384
10.893,65390
10.894,65367
10.902,65340
10.905,65315
10.911,65297
10.914,65275
10.925,65249
10.926,65222
10.934,65203
10.935,65200
10.945,65195
10.946,65187
10.952,65182
10.961,65185
10.964,65180
10.967,65174
10.973,65175
10.981,65177
10.984,65170
10.992,65162
10.992,65162
11.004,65162
11.004,65154
11.009,65145
11.015,65145
11.023,65142
11.023,65133
11.031,65122
11.04,65120
11.04,65116
11.046,65105
11.049,65102
11.059,65108
11.065,65110
11.065,65105
11.071,65111
11.08,65122
11.086,65131
11.086,65137
11.095,65151
11.098,65169
11.104,65180
11.107,65185
11.117,65202
11.119,65216
11.125,65219
11.128,65223
11.137,65232
11.14,65239
11.145,65238
11.151,65235
11.157,65242
11.162,65245
11.162,65237
11.173,65234
11.178,65243
11.184,65244
11.184,65239
11.195,65238
11.195,65245
11.203,65242
11.203,65239
11.214,65238
11.219,65242
11.225,65239
11.231,65233
11.237,65232
11.237,65235
11.242,65232
11.251,65226
11.257,65228
11.257,65232
11.266,65228
11.272,65222
11.277,65226
11.277,65230
11.288,65225
11.294,65222
11.294,65228
11.301,65231
11.308,65222
11.314,65222
11.314,65226
11.322,65225
11.328,65221
11.334,65222
11.34,65229
11.341,65230
11.35,65223
11.353,65227
11.359,65233
11.368,65231
11.37,65222
11.376,65225
11.376,65229
11.385,65223
11.393,65219
11.393,65225
11.398,65227
11.409,65218
11.41,65210
11.415,65217
11.423,65219
11.428,65211
11.434,65208
11.434,65216
11.445,65229
11.445,65230
11.454,65229
11.454,65234
11.466,65233
11.466,65229
11.472,65233
11.481,65238
11.484,65233
11.489,65225
11.495,65226
11.503,65218
11.503,65206
11.511,65191
11.511,65183
11.522,65157
11.525,65106
11.531,65105
11.536,65198
11.544,65266
11.545,65330
11.55,65395
11.558,65398
11.564,65368
11.565,65330
11.571,65309
11.578,65291
11.584,65263
11.585,65230
11.593,65211
11.598,65205
11.601,65194
11.609,65183
11.617,65181
11.618,65184
11.623,65180
11.626,65171
11.637,65173
11.638,65177
11.645,65170
11.651,65164
11.657,65167
11.661,65166
11.667,65159
11.668,65148
11.678,65149
11.679,65146
11.687,65136
11.695,65125
11.696,65125
11.703,65122
11.704,65113
11.714,65110
11.717,65114
11.72,65112
11.726,65107
11.736,65110
11.737,65120
11.744,65126
11.75,65130
11.756,65146
11.757,65163
11.765,65173
11.772,65180
11.778,65196
11.779,65211
11.783,65219
11.794,65219
11.795,65229
11.8,65237
11.806,65235
11.814,65235
11.814,65242
11.822,65247
11.828,65241
11.831,65240
11.837,65246
11.84,65242
11.851,65234
11.851,65236
11.858,65242
11.861,65240
11.871,65235
11.872,65235
11.877,65241
11.888,65239
11.889,65231
11.897,65233
11.898,65235
11.908,65231
11.909,65226
11.914,65232
11.917,65234
11.928,65225
11.934,65222
11.935,65230
11.944,65232
11.949,65225
11.95,65222
11.958,65229
11.966,65228
11.967,65224
11.971,65223
11.976,65230
11.985,65230
11.988,65223
11.994,65224
11.997,65231
12.005,65227
12.008,65226
12.014,65229
12.02,65234
12.025,65232
12.03,65226
12.033,65227
12.041,65231
12.044,65225
12.05,65222
12.053,65225
12.063,65227
12.069,65221
12.069,65216
12.081,65220
12.081,65221
12.085,65216
12.091,65212
12.099,65216
12.104,65217
12.11,65217
12.11,65225
12.121,65234
12.121,65235
12.128,65228
12.132,65230
12.141,65237
12.142,65232
12.149,65227
12.158,65229
12.159,65232
12.164,65217
12.167,65202
12.175,65202
12.181,65192
12.184,65152
12.19,65102
12.197,65102
12.203,65190
12.204,65250
12.212,65310
